581243355
526112221
515042055
511406342
474460326
467876182
459229554
443016269
438530029
431779388
429864006
427062488
426085878
417941995
417202527
413868040
413414911
413232544
413733880
414195475
412281143
412281143
400804343
400141040
398890747
398470343
397991904
397966658
397977670
397977670
398023518
397977670
396179074
395878921
396068565
396368718
396686056
395875263
395891769
395392604
395204035
395158845
394730297
395049967
395140957
395163056
395004748
395100902
395612793
395100902
371882255
370825349
370455140
369911378
370058803
369585593
370929332
370034213
370127214
370403676
369681149
369681149
369588148
368413044
368838188
368677231
368252587
368677231
370050342
370173918
369429352
367808628
368119205
367685422
367748849
368203897
368203897
368774429
369026725
368567182
370194267
370203947
369632466
369379253
369280364
368001705
369589953
369412279
369083526
369156581
368588089
368858236
368321136
368349538
367992053
368245266
368995102
368752765
368657981
368736717
370014443
370336654
369147896
367597631
367636576
368029281
367990295
367764396
367492852
367544030
367770453
368460481
368017389
368797380
368017389
367963814
368306165
369923199
369565694
369373445
370080334
370114881
371430825
369648161
369836049
368671490
368763076
370020265
370110475
370046678
368859463
369124937
368127863
369238255
370483992
370915707
370158523
369498869
370150726
370278062
371703876
370278062
369597689
369597689
369661527
369053130
368493897
368259609
369002477
368597151
370513655
370513655
370314151
372048140
372596022
370679500
371052239
371944205
370992361
370853149
370301810
370052511
369525436
369530029
370060149
370345067
368619765
369341619
369089777
369341619
370671916
370347423
370169292
369790850
370189722
371435864
370919485
371435864
371413162
370898647
370919485
369636237
369035279
369011145
369714315
369819963
369819963
368550247
369074765
368876751
369631985
369055480
368224325
367954445
366802961
368721526
368784465
369265785
370962791
370289537
509961775
503831346
471460677
445835066
433938039
423701754
421954658
419338411
415380762
412881219
412626477
412926981
410982277
410678557
410236174
409573398
406374155
406468452
406409221
406593337
407123951
406593337
407177338
406305071
406122154
406812857
406298066
406087469
405391183
405435595
405563015
405563015
405435595
405598776
405424415
404843398
404757061
405320230
405360616
405457073
404889088
404968401
405622080
405696503
405688889
406090228
405257234
406379289
406963758
406874490
406547170
406482641
405907177
405907018
404459635
404536881
405112046
405258472
404681201
404620372
404551062
404277855
404366117
404671350
404583088
404823108
406536623
399633095
400360179
398757462
398744104
398538656
398273370
398288796
397803526
396693655
396711311
397989265
397989265
398431961
399987046
399337894
399560493
400521394
396632101
397717474
396167081
395072600
394900551
395669098
394834771
394645548
394834771
394834771
394012326
396045274
394012326
392734693
392049833
392363468
392049833
392032177
392092936
392110592
392049833
392032177
392155841
392173497
394396281
394203263
394203263
396340273
396435660
395309760
394506568
394964386
394278053
394515940
394064736
393833106
394064736
395664172
395716206
395471404
393871996
394579313
395311552
395799031
395716454
395021958
395039397
394946126
394254191
394946126
394946126
394810702
395400040
395485125
395400040
394025264
394110336
394165603
394290519
394165603
393871856
393941330
394611903
393941330
394091389
392638482
392638482
392184559
394093683
395370950
395368656
396285745
396733988
396285745
395883918
395883918
394611903
395013730
394896574
395996112
394896574
395024196
394103067
393978341
392612347
392736122
392917832
392794358
392787906
392552567
392578702
392450483
394041934
392450483
393284471
393502610
394886426
394524820
394656312
394676317
394544825
394110638
394004695
393514470
392143931
392204299
394081511
392204299
392092936
392703261
394801092
394920230
394705801
396015231
395434294
396706185
366802961
367000321
366966802
368202680
366966802
366966802
367122647
367209175
367959214
367805929
368572401
369309067
368553788
367822362
367881679
367122258
367866361
368659258
367275543
367122258
367275543
367376135
367222877
367122258
367074703
367227988
368122368
368226664
368076904
368257463
367752914
368357699
368455048
367850182
368419640
367850182
367140312
367850182
368095167
367573965
368323396
367754263
368072298
368292733
368137107
368135411
369023385
369494083
370992082
370737884
369221887
369790143
369297963
368754193
368680641
370077008
369486914
369167829
369366748
369378032
368751536
368594173
368326211
368748429
368573685
369776440
368573685
368525425
367937902
366925041
368533380
369414792
369193817
369073371
368257089
368390039
368425708
368292758
368257089
369273351
370088604
370762833
369906020
370692460
370711041
370838785
370144333
370166662
370274124
371864928
372316295
370254355
370218550
370218550
370108501
369471257
370842701
370905241
370801974
371480966
371556752
371494541
371446305
369106657
370170629
370536321
370260301
370296469
370349835
369167531
369277580
369207004
369207004
369201633
368424995
368948923
368378604
367134708
367470386
367158316
367275543
367889462
369114625
369114625
368156955
368494625
369837532
369997344
369848519
369890003
370980582
370910438
370724195
370574262
370698030
371300952
371003992
371120281
371417241
371278176
371417241
370960528
371097478
370598346
369579834
369954952
369810917
370536472
370553946
370571276
369291041
367823094
369048257
369891678
369905530
369891678
369589706
368075355
369254496
369368012
369213863
368835004
368714878
367904075
367802700
367712196
366966802
367000321
367418769
368559015
368569637
369432852
368569637
367485531
367449694
367689402
367449694
367383178
367418847
369128755
369171150
368490652
366804796
367450980
366804796
367002471
367002471
366804796
366960641
366804796
366935289
367130640
368510813
368475144
368456322
368456322
367060936
367619652
368366346
369228554
614048223
591349831
551122423
527902717
523194162
498965258
429815942
422397212
419477730
418978082
417653999
409418421
407394046
404331192
406221680
403841731
401999771
399828169
393601119
391238034
390180669
389684608
389648755
386547219
386320407
385156170
385283671
373156629
373442592
373219344
373623406
374468138
373432030
373351970
373130320
373518474
373830747
373299461
372252950
371863058
371434927
370476069
370476069
371600134
371760254
372048319
371760254
370725649
371090187
371090187
370725649
369645064
368763307
369705649
370172932
370873181
370633117
371357735
373114898
371357735
370412727
370478916
369890496
369423213
370440681
371020730
370359643
370244520
372041290
372702368
373135482
371164789
370872462
370872462
369454781
368844849
368001263
370167656
369269805
368859707
368833302
370035181
370593001
371023917
371660665
370551912
370053658
371519163
371777515
370582061
370323709
370582061
369963040
371161427
373689964
372748060
372783212
372802658
372829394
372144798
372182803
372205463
372205463
371967286
370157286
370889165
370912972
371209611
370128213
369394868
369493049
369708984
370338858
370187799
370167261
370100625
370095288
369581783
367277192
367696180
367641722
367623838
368995362
369013246
366133493
367111963
366133493
366133493
366374315
366006117
365972626
365510344
365972626
365747411
366067427
365192109
365995177
365192109
366067427
366067427
366069785
366069785
366067427
365747411
365807243
366765048
367969237
368283151
367969237
368011573
367546534
367112734
365900423
365344829
365900423
365900423
367706567
368074971
367644681
368197866
368183110
366053024
368506219
366521688
366806675
366439788
366372696
366659141
366553426
366659141
365779132
365779132
366241546
368934847
371310039
371452315
372398193
372002738
371379598
370446201
368088457
368012711
367979423
368568565
365853986
366845489
367977420
368080898
368411094
367952789
366961286
366596050
366670452
369627073
369495806
369842182
367619859
368666726
367619859
367586368
