723132249
667834273
788344491
740011637
734834992
878646976
765349893
781169700
706558168
642379594
764167254
734185138
882097359
731461476
765349893
727298305
729241895
739344706
735976863
755933119
732350332
705027935
736538580
758536643
705027935
726340112
784138779
673901849
783775500
745675303
771064246
581411083
737959621
723032102
736156728
732610443
739416955
672304047
733805197
737064164
734031207
737177249
749727871
730077882
736637105
732501032
831804495
734452413
730302008
733996209
739600837
729278091
735552358
644266478
732241682
732404869
738113591
735096019
786605155
737934781
722529854
733805197
677843925
674441679
738852546
663529660
802877818
751219896
739555628
816922245
750060716
726482923
738748935
735433409
739799550
738339601
741518598
660892747
821077099
737737521
741743919
748865489
760452851
736842427
741743919
664032208
736798959
694244050
747530241
739474255
738144092
741740740
755619410
751516655
739644037
737321791
739427115
738433031
737321791
751221477
740611379
740344207
737974772
737598560
716277546
740656088
813397471
734821950
741744320
744287658
775343534
745684516
738605499
745403162
743471683
773679820
741260978
741260978
747317767
674322310
756231462
737219209
734251154
743352191
768851461
693925489
743548988
769270313
740129568
723019853
741170031
760790478
741729693
763683432
745825776
727556050
732320953
742110272
755512917
800774136
740324798
803511179
753646903
766054369
753174521
754292786
734388306
663499486
760638559
759471714
752997945
722253980
724261619
726226008
722289802
722850074
662115925
639760625
725345740
719720379
728767717
662115925
575595292
582334804
607027023
575261511
551224287
577906868
577185390
596584945
580007452
597934863
575776449
575296346
576451921
573899952
575670306
573684628
571964222
541792059
580610743
574048948
508742632
484430127
491464067
481377394
493100494
481909886
464337504
481377394
487156065
483124141
483124141
484579865
484031741
483124141
495690942
496357386
502123672
494394478
495060419
499801014
493234289
497761117
494882535
494216823
495576340
493488288
497156377
487360660
497200417
498182757
491074881
494809723
495287150
498941166
465808293
493637518
484572950
481667880
481667880
482664167
487233117
484097272
487397138
490023945
482880115
485860518
481507969
485105263
489315298
532753332
484758489
487929381
485186812
491032232
513125033
484335265
488791209
484368519
495683388
496184176
493313382
495473083
493922753
496973885
492585970
499865416
496015614
493516144
491297536
493228440
491744580
491970153
489751059
467292933
488275374
486008274
491694566
502959004
492590703
491409632
495385387
494452736
484552820
484596048
488671302
485248911
489119749
463724103
472938845
488760811
492419017
466344110
551428639
519281444
519168836
545065619
515276169
512537116
520993809
523643152
520255429
522158925
517688837
525211551
524557191
521413694
550266593
521236072
521413694
520666094
515003493
516847030
520578511
519284049
523106305
523271790
523596050
520520434
488948325
526025612
522102782
523029889
524255470
524500714
522727211
523984039
527112381
525451969
521801979
525451969
526025612
523984039
474070362
475234290
473561536
469255275
474151810
475593585
475697423
471148620
468525549
468908522
473265481
468755983
466005017
466372204
469054218
462544455
473172241
475455317
475975847
473206476
476865757
475156187
465161384
476039931
465161384
479845125
478181954
477465051
505297469
470161841
474551703
466039325
475455317
469156520
468010028
466394130
469379669
466639962
472172925
471329987
468265024
468790014
469686683
465252092
466862579
470004002
465847597
465488460
467847753
466524254
465595247
466581564
469168478
484219274
463784516
470575008
469919079
467990514
471484688
472411394
465580247
469645532
471341056
473352866
472899802
471378868
470514379
472852136
459953431
465041946
469006506
467972930
468080204
468549272
507525900
468381801
465094741
468205010
467918542
469138598
468915953
467014043
472696844
469563481
468254265
468490179
469028438
465544541
472447137
469177688
478835594
469384556
456353737
456353737
468761292
437884778
470466725
437884778
443389232
442144929
441769032
440594801
456496090
475974747
436277846
438165921
442146168
439138058
434201318
439064667
433988949
433681310
435452297
453245122
435357453
430602995
434201318
440052953
436158238
431208801
439471127
438114944
443587656
437513036
438765023
441568714
439039052
438829655
440583308
440556763
440632971
440852188
440583308
437474832
443396144
437505617
433435960
434742293
439467243
432640522
433093590
437357909
437406917
440583308
441760271
441583190
440220275
440456249
439032506
441094738
439228721
443290942
443266137
445951246
443173329
447457738
446645159
446172858
443330299
447102013
443249698
439565847
449890486
447658561
437983754
440498514
447175126
446353645
447658561
471201422
476450069
473469943
472148367
462773432
481577327
479534784
472088206
462489878
462562792
463589640
471201422
461253750
454279885
463401385
461983758
466174379
460746672
457524732
460370362
463810892
460516442
459510544
461472283
461673412
460402876
460746672
481448878
459163920
474585856
464902322
461017348
449685358
459157336
455482188
458924898
456048895
458178527
454867168
457272248
461369368
463380974
461541784
460086450
457132845
458524101
460942740
461720749
419515282
419036754
424496942
419717181
443582033
418123620
387388026
387480107
387201163
394843519
390972858
388094815
386761177
388256263
386324329
389297817
389871344
382356870
391104601
387862742
389489554
388568777
390256952
396401593
388063769
394708618
393126376
388570008
396451662
397191733
389595619
388485999
389916155
393591096
389271128
386450408
393222798
395101684
393354800
396230961
386978786
387096037
386997323
388454539
386081573
389540860
388944876
385571496
390377708
386825298
386997323
381141991
388772851
389486416
387299071
385852879
384776294
390993060
390162146
387986299
388446692
386470504
391742112
388089299
387320901
385709555
386499173
388575615
386563911
385812558
384492534
384932318
384370416
386659756
383037035
385929555
386030650
387708896
385775924
386665931
387482410
386838908
384605738
385564990
387832358
384437965
383267111
389854484
385374869
386608047
383590041
386010019
382328545
387949121
380532749
378016918
380563570
391092063
388558304
386026079
386026079
390183944
389044684
398436712
393429787
392165957
388809852
400098870
394319190
392952471
394686139
392306656
388217308
392367789
388652536
385874964
386686721
388778298
396434585
386688058
394008387
394141065
394514416
391256136
391503947
383725199
393197516
393132220
391800776
392352631
391303431
390501497
390382933
388093501
388018134
388485664
393197516
390133585
383385319
391459576
387299891
384413276
386672368
390465044
382074646
382074646
388222375
381605315
375834229
384164930
385410537
385273255
381643234
380397252
380982483
382390146
380833420
378678212
382562850
379040251
377700084
378168603
380089958
381405771
377137550
379115284
379898579
379061255
381118417
380753223
381426931
378066992
379234766
385451337
380136028
384172946
382357891
383023514
386197208
386859002
382357891
375768929
383711799
376892720
393260193
379967084
378747298
378970130
377884207
380167365
381636005
378576291
382126278
380787419
379528233
379967084
374546952
379586336
379967084
379242192
377884207
378910313
380412968
383040385
378393162
378070805
383245153
379536326
377106001
375387662
376965724
377193900
375989807
374789836
377162151
376657326
377513944
376949573
376657326
375753177
377306804
381291645
375308397
378863042
377395315
376153128
377234655
374682880
380379168
380871705
387194062
369775123
367984086
373962090
369264908
368409254
369289530
370386213
369639699
374622176
367316514
369289530
363761400
362243424
369825074
365353833
361713234
362810137
372067572
368492228
366213400
367457783
362681986
361740741
363079462
363775280
371679679
370258900
361431570
361897026
369754833
364764980
364500689
363780361
370180550
364561356
366191243
366580244
368487820
366210138
367463752
368680169
367266411
372778362
371707409
369952264
366191243
367463752
373258018
364142527
366261710
364020633
367299001
367758256
371014120
368328834
372470903
366408121
367762589
364850774
368361213
368361213
370284471
374574031
370154292
374658394
372807359
374658339
374349490
372870091
379025016
377076772
376304340
377109981
378058899
375415413
375773513
376792419
375226587
375301779
373188051
374580502
373153322
374054344
374309892
375195540
378656421
373887449
371269656
372022849
373331122
373134665
373114075
374638005
371679771
369106354
377409713
372441149
373656391
371082877
370013288
371782223
376040246
372278809
372907326
372351129
371369752
370308321
370526068
371591792
369776520
372926536
371130074
369084138
371778172
371130074
372590318
370855931
370780806
369824944
368430976
371799066
369099968
372429172
370984840
373052329
369219644
369344071
368464267
370155052
369180981
372238506
370806743
372632803
372452773
369771203
369189717
368439213
369397776
370050000
372076461
370214218
371345289
369641201
370599768
369965519
376990334
372901089
368766314
368214585
365654273
371205070
373348735
376675230
373601243
369479368
368785154
377158268
367903606
374203346
371839531
378399508
378545955
380128356
378794002
380076402
377875619
378230630
378424656
376380778
375519515
378532878
376458068
376125881
373218483
377832388
376531303
378114909
367581523
375239644
375864738
373315642
371334562
375716085
372929754
373721057
372724009
377533624
379860097
372546257
375965086
380860655
376619665
375761020
372970143
372804364
374273705
372804364
373372135
373119853
375341481
374421370
371996874
372349894
371388098
370615784
370615784
370608427
370561730
370697668
374328672
372559066
368186463
368150175
368811600
367558481
368400777
370122125
369779954
370234961
372921375
372186267
369006532
369456882
371199739
371390206
368490552
369810183
370279444
367732446
370443875
374255462
372288168
371950467
371410464
373197475
369486278
367340212
370529458
372698454
370089409
375827653
370150705
370976459
370394483
371152479
372066353
372276030
374059691
374991357
369105582
371574537
369243582
367862683
370832258
370625600
374782936
369613702
370149165
383420976
380379400
369329295
367641495
369088004
370266673
373924182
366964917
367201922
369236482
370442702
370596529
370942153
373373913
373796520
376206761
383573937
377463747
373628363
370714540
372455643
368883094
373373913
371818022
371441589
371769605
372409805
372010229
371670348
374606521
375758930
376766464
384074331
378294717
371597503
371443603
375590894
373757446
368987883
375055123
375296179
373077200
371597503
372670226
375741695
373718775
376062614
373517106
375055123
371566721
370321976
370188677
371691932
377386352
373778285
380094452
379295999
374662019
370028688
373037468
370487593
370813325
378209158
370706020
373624920
375121376
369424517
371879758
373914347
369246701
371007341
369591525
371901337
369928395
368567995
373706966
367973673
369689707
369417988
372565279
372134786
370478065
372553513
371892178
371729588
370836094
374452232
373014972
373105604
373025128
376128191
374839431
373310231
371102173
371290303
372115632
371493609
369388461
368223923
369825369
370253727
368624641
368527530
368287101
367948739
370611458
369160305
369895119
369748043
368791793
368920945
378533478
367624304
369155963
369748448
370183843
368539102
369155963
367212446
372535879
367712640
369965368
368852449
368909440
367981245
370383303
369383744
369824557
368580999
371394779
371012839
372410647
373006587
370044328
370111765
373398295
369178257
369212236
369088052
371866601
370763215
374932544
376334933
368024417
367898121
367526299
367064287
368558547
368010019
368994729
368277866
368182063
369562251
371228888
367673415
369823353
375635244
371208278
372412149
371284857
371077668
371122205
372520693
371664475
369023586
369023586
370868131
370209573
373335390
376318736
377210394
375097553
376428054
374648766
372204908
371518561
371486404
375567156
373835726
370239974
370774777
370503094
370108069
368184411
367397828
372971661
372743206
367442395
366647443
370088938
363200023
364528016
364408496
362414714
363588035
365885956
363754749
363373335
365163685
359074015
359716056
359831040
360550834
360561929
361074059
363697867
361994597
363329554
367325642
366974006
362495313
364971926
366836616
363342412
364036492
364951621
365709181
364255031
362742060
364776251
362648834
362964230
362589517
363911947
362402557
359415455
363366455
363366455
363513075
363754907
365763720
363235322
363690773
363909251
364042452
363881045
367265219
364789574
366730939
363638559
363437568
364517734
362430506
363134134
364503966
364346150
364985708
363062413
363016044
363221328
366140049
366803420
362845171
365892943
364501074
365839958
362900551
367204525
363750115
365964752
368385683
371393013
369930803
371788266
369221212
367816236
360450838
363631466
363125761
363070429
360614824
360143829
359915107
362370237
360259403
360819773
361184373
362377343
361832169
362967639
361915156
360143829
359781445
361253730
362136600
362188785
362546404
359681804
360143829
362534488
363260153
362737192
359975704
359683423
360754652
358228141
362065723
362173715
363185472
362862072
364871491
367032369
371051397
367889778
367091454
364070815
365096586
367389857
365408716
362883392
364339289
366840498
365103518
366465990
364054433
365005922
370344988
365005922
364819367
363487678
364182325
363789267
365444623
364805447
364627054
364728432
360786254
360786254
362565210
361664514
359933835
360554444
361973744
359254357
360494333
360384075
364755221
359475514
360559944
359134618
359570593
364450699
358214178
359557184
357243469
358342314
360007744
360135281
358663446
358820159
359990425
359511021
358214178
360472238
360472238
360794632
362030258
362258044
361711178
361941577
368996168
362824220
362402875
361679303
361625115
361379927
361114850
362016684
361169225
359978520
364191294
364268007
362693792
362726809
360675570
360563179
361080255
361495088
362011463
364460128
361888524
364841241
361507395
362943049
359403671
364267287
363955939
364267287
364267287
363831580
363518644
365408822
364273861
367650953
365283005
364030579
361281498
363061664
361213412
364276374
365063767
365466528
358813035
360821262
358655230
359431740
359004190
359487471
358749665
359867557
359835952
359164294
358961618
358137983
361704328
362016448
362860702
362342411
362643302
363740154
364252338
367232406
365065304
368222725
362929422
363005992
362075168
363533964
363599867
366665976
365738036
365797912
365667840
364861818
363298711
364351073
365437327
364933355
365421497
367424221
365435809
365603862
365443939
364010982
367068671
363450600
360256381
366211198
364555703
364072768
363490029
362002839
359726454
361433097
358990574
360011984
364641296
368469013
360255530
363048920
360355854
362034029
359726454
359510278
364676281
361682754
362357480
358882465
359703086
360653223
363737893
359778660
358394937
359852504
359749144
360048699
361924504
363252827
363903944
362613518
362858352
365016265
360986203
366451216
361309704
362389960
360936182
361185474
362494677
362593331
361955297
361723781
360517830
361813435
363186653
361950225
363293563
362122069
362490364
360033396
363641046
362490364
364871983
362310507
359947723
363895908
362311283
363300504
362907129
360334848
362354822
363324140
362705618
364938800
364332610
364039725
362155299
362155299
363145131
363223196
360807604
360416818
359947671
361725160
360967876
363860896
361060885
361802552
359556917
362927230
365556798
359479765
359065378
360614639
361316027
359393549
358627479
358627479
360311580
362688564
359792055
360271168
361388371
359644236
359644236
362478187
361809001
360339082
360855454
360796949
360855454
360480567
360738635
360810251
360568341
362943204
360327394
360810251
361148873
361436640
360918556
361143523
362876129
361824093
362258899
363016876
363072014
361411883
361877149
361951151
361172591
358668096
360760940
364108276
364222293
362430697
363098270
360194385
360014193
362401137
361400156
359491689
361277103
360351794
360194385
360194385
359491689
359491689
360644307
360729402
361182673
359159254
359311497
358789380
362962647
361745998
361848326
364015634
360044221
357436927
356835739
355925109
357364844
358397929
357485646
356870547
357733170
359718433
357255228
357733170
357079629
356292115
357204354
356627983
360231107
357079629
361326088
357018580
358613577
356329712
356428793
355020740
356511198
355976933
355990933
359992290
355474408
359105747
355891751
356781358
357425603
357669223
357982776
357667646
357425603
357724488
358117139
358568061
358396224
358612645
358100771
356739492
358406501
359941346
360081822
358482627
358237453
360996043
362550271
360871163
361975518
360294633
359257024
360166684
359909692
360453125
360419914
361343936
361423203
361423203
361512664
359701677
361975862
359704010
355375746
357270871
355309641
355352832
355894894
357658347
359143369
360971568
359160820
359160820
359166974
361179691
360661840
361515929
357426504
355563122
356836159
356672293
356672293
354013693
355557122
356184795
356313162
356285726
356143207
355528025
356695978
356501794
356988034
358091585
359387561
359481666
356699711
356699711
354492116
354863376
354958413
353919111
354608742
356295588
356310889
356460759
356352464
356650120
356778376
355562080
355554246
355248466
357309236
354879162
355562080
359269410
362250612
360730178
361024400
359920996
359054328
359084477
360541916
360760160
360760160
363072073
361762795
361792944
362415045
362719425
362816220
363209663
363196352
361807941
359765101
360890363
362762064
359765101
359765101
359207946
360889920
363376358
360438876
360557174
359349766
359804478
360129246
361288668
362037945
360907816
360126458
362813832
360742273
356518908
356588652
356643073
357145626
356643073
356680087
356729943
355339321
354841414
354671393
355557682
356183792
356328653
358650852
358566631
353291734
353291734
353121713
353493947
353180589
357100933
356826892
353621336
352624676
352476699
352479764
351188634
351764059
351765857
351720933
352251689
352056746
352871961
353592307
353577915
353116447
352514523
352968672
353571318
356575413
353741244
355788961
356408467
353776997
353541158
352937876
353571318
353688173
354426993
353234459
353571318
354191170
352219036
352424715
353498021
352883349
353031326
352428693
352914362
353527850
354925385
355801368
353004560
353404879
353223347
353897346
353317023
353317023
353410223
355112873
355081929
354704290
355315239
356163742
355677391
355591426
354885541
355035350
356279940
356294329
356123276
356907145
358829638
357513064
356391915
356222753
358666348
360427585
358639502
359354400
359107019
357965618
359417526
359381393
358614253
361467454
358890103
358736225
358795043
358641165
359134038
359881269
359982567
361875402
358795043
358890103
359551368
358539387
360695830
356428941
357623815
359028886
356428941
355572026
354678617
356075409
355572026
356745908
356622652
357320506
357820986
356684542
356745908
355777604
356297433
357561790
357992234
358890602
357391318
358585508
360304679
360279374
360381920
360304679
360708682
361122783
361731626
360726631
360284331
360814924
360102063
360374293
362237890
360415648
360591188
359918731
358596537
357811075
358573900
358905575
358527921
355894362
355229841
355896239
356283834
353470726
355204808
356165413
356683002
358168518
354822764
354944276
359694278
359893255
356839676
354850652
356139257
356139257
356016378
356587613
358809547
355953170
356587613
357392134
356494411
356420938
358505091
356755928
356677915
356596546
357295659
357581106
358035729
357422477
357487906
356023020
356447632
356821866
356877530
358015028
358632304
357274811
354891656
355165813
355470009
357224169
356071749
356027230
355941232
353957142
353587224
354175705
353834771
354744984
355346247
353596835
351548264
351661110
352259599
351098402
351635240
350319378
352412387
353945971
353255320
350308287
351816200
350864241
351915603
351922146
352564097
351922146
352278385
352856219
351519376
352856219
353977370
352959036
352549002
351716938
352264542
352387661
351651090
352286528
351522950
351630943
351703881
353614013
352174828
351595228
354401176
356244709
359882630
359882630
356300120
359092560
358913164
357583766
356160140
355915279
357650410
357034244
356145239
356206158
352724581
352844725
352554388
352407742
354325010
355207367
355821771
356637766
355688368
354325010
354325010
354364383
354593859
356012042
355753794
355753794
355927582
356206993
355488060
355549176
355885057
355772789
355774503
355221922
355488060
355664571
355968335
356248645
356061143
356282384
353626577
355622865
356274801
355496771
355351767
354573798
354827230
355003086
355892722
354633947
354809803
354327946
354430823
354254967
354758084
354882331
354460631
355058055
355765108
353998895
354414916
353893883
353722960
357016129
355697206
355817212
356229894
356188440
356801961
356801961
355885655
354353880
354577203
354038577
352906336
352490315
353622556
354107004
360507302
359351314
357836406
357996860
357507190
354121819
354898006
353675701
352784235
354121819
354183421
354012085
354681594
353769322
355208106
351832057
352223919
354297062
354234238
352223919
351947976
351790829
352262409
352438058
352229682
352280698
353105988
352729123
352219938
352729123
353158112
352628469
352444506
352628469
356222389
354288189
354725646
354330198
354323844
353919133
353666360
354323844
355599130
357748979
358187661
358675322
357494156
358642965
359047104
357776551
356807054
354320743
355202853
355000977
354935341
355000977
355581762
355368861
355033165
355562655
354838338
354939220
353624634
354910023
352935986
352759198
352809179
354076484
352410502
354852808
353215351
353215351
354866958
354679775
353409247
353227740
353375248
352138201
352195018
352670591
352855724
352642335
352790082
353713171
353373895
352924510
353494689
353274134
354861843
352829267
352948083
352344839
352586848
352586848
352586848
352102420
352872896
353753162
353123774
354763743
354932121
353753162
353266029
353749740
351876674
354606323
354606323
352759844
352938703
352975285
352938703
352115079
352104780
352172608
351966428
352973947
351966428
352436190
354149461
352276404
352179190
351844704
352101704
351547819
351524212
351358224
351365115
351503718
351552849
350427668
350224635
350273766
350346080
349681021
350346080
349471208
351128409
350734420
351635228
351277087
350656778
351261841
351276612
350710953
350163309
351261841
352083328
352098099
352914337
352329359
351547594
351022456
352991308
352116171
351513008
351999096
352686043
351194224
351757851
351310912
351020065
351861782
351442383
350470333
351373693
352510016
351842077
351325095
351345517
351253922
351305865
351305865
351571241
351984898
352049806
352600166
352387463
353087119
353726227
353299822
352908297
353312672
355336504
357641380
356851979
356461733
353466887
353133850
352306460
352362993
352916192
352017366
352404217
352017366
352640032
351074128
351029255
351029255
351261295
351261295
351201757
350969717
351645175
351413076
351472614
351885722
351725102
353118883
352405330
352458326
352664601
352772773
352415579
352789792
352632615
352888694
352782337
352160859
352888694
352112198
352160859
352160859
351595924
351696881
351307605
351770448
351307605
351871494
351801442
351318800
350915871
351439686
351446547
351446547
351112065
351277013
351277013
351491482
351243453
350644966
351771896
351809204
352244986
351779687
351816867
350874871
349990731
349990731
351427787
351668891
351786232
351520236
351467035
352046825
352046825
351424500
351520236
350676647
352573548
353954443
350897686
352312186
352312186
352312186
350676647
351548232
352271109
352777865
355669727
353770332
353770332
351607383
351365895
351365895
352737614
352977561
351365895
351323432
351607383
351323432
351430943
351323432
351564920
350673549
351159768
350873823
350489141
350561723
350843434
350843434
351391970
352207053
352060061
351747078
352004293
351546131
351777855
352220875
352449756
351233724
351410022
351294221
351169151
351827656
352048873
351184810
351184810
351176253
351381915
351830841
352069811
350399373
350865662
352071261
352440441
351422778
350383414
350810945
352030829
351750038
352972872
352430768
351779300
350870314
352061923
352329785
352614093
352540121
352540121
352600014
353380488
353514181
352660084
352700849
352387220
352709226
352566204
352395597
351489252
352190940
354806030
352307452
352610127
352387679
352441968
353116614
354001343
354473951
355418051
354881505
354473951
353802817
353128650
352560949
353505469
353185772
353514808
353131148
353362041
353994523
354101133
353809473
353342634
353018941
354881840
354879451
354823563
355607742
352879396
351866751
352335776
352744049
352584741
352675941
352633322
353118527
353601770
352034167
351843722
351858515
351415394
351822472
351822472
351873268
351935354
352638229
352782527
351935354
352365718
351645867
351384447
352887092
352912143
351215503
350967017
352268712
351007542
351069557
351084775
352135188
350898588
350778276
350564179
350894076
351107872
351228184
351100527
351179023
350965271
350334523
350428054
350198299
351391628
351391628
351380664
351164538
350627607
350492708
351053594
350735866
350492708
350627607
350627607
351164538
351784502
351655751
351784502
351876248
351784502
352171625
351676605
351762550
353318209
353613470
351762550
352189094
352327965
352777039
352673939
352327965
351876294
351803164
352051791
351597509
352389264
351898642
351849931
351542196
351450308
351795839
351939549
352843351
352565866
354399913
353130483
353537734
352212199
351717039
350771872
350613402
350669726
351928372
352466130
354341537
353262711
353072088
353507561
352811823
353433181
353727349
352128588
351958172
351440252
350908130
350846761
350559439
351147842
350778987
351288546
351124854
351124854
351350394
351012341
351410342
351428766
352557662
353104454
353104454
352704007
352292245
351582445
351168283
351520529
351298982
350836949
351011990
351011990
350836949
350836949
350836949
351658801
350237563
350237563
349999952
349706361
348975567
349130090
349199702
349299283
349468323
349299283
349299283
350748066
350817305
351226222
351526400
351694073
351526400
350868692
351058071
351569896
351883452
351883452
351694073
351309420
351309420
351226584
351816701
351816701
351990553
351570936
351766583
351876100
351680453
352374960
354109677
354211148
354915012
354004908
353512296
353522755
352589026
352384862
351882818
351531880
351782867
351590238
350986319
351076647
350986319
350537443
351185884
351463546
350644522
349136915
349321080
349159113
349605806
350016051
350197925
350702397
350905314
351710514
350483403
350702397
350732923
351142479
351172843
350948424
350493747
351133505
350745255
350718166
350525374
350761259
351098327
351027598
350700522
350927781
350700522
350700522
350927781
350313826
349740379
349740379
349434556
349070418
348625963
348899231
348960959
348482631
348482631
348930602
349602141
348482631
348930602
348809956
349376475
349682981
349769784
349803627
349825651
349538841
349376475
348809956
349047901
348930602
350141518
349135902
349280543
348930602
348930602
349090406
350281536
349280543
350334282
350334282
348993566
349280543
349460942
349614837
349343964
349169304
349169304
349343964
349205249
349161777
349008446
349623262
350033328
350793418
349469667
349321078
349318016
350208971
349460681
349017143
349017143
348955170
349017361
348184362
348798843
348761238
349807257
350190035
349122402
349730015
349644795
349706986
349130110
349200887
348939731
349221868
349251621
349246411
348936669
348939731
349221868
348673506
348673506
348640593
348314510
347852712
347636733
347722716
347689803
347722716
347689803
347689803
348024273
348630187
348630187
349947955
348630187
349152183
348541101
348205557
348820038
349179034
349038021
349016077
348498471
348853314
348853314
348382620
348638754
348434280
348270481
348034129
348200650
348669006
348751442
348460043
348335195
348835994
350004928
349494480
349636572
348970174
348847583
348948944
348948944
348948944
348559328
349001306
349119436
349170912
349794072
349232274
350123411
349682911
349601204
349151516
349601204
350490103
349349813
349349813
349874089
349754670
350415482
350745679
351171104
351042314
350999928
350921458
351298108
351434500
351173481
350569008
351032763
350569008
350502692
350485199
350595296
350059277
351393694
349948662
350059277
350632027
351073893
351184508
351073893
351093220
350145375
350084239
350218710
350216497
350051268
349649154
348837773
348961035
348787946
348370400
348689828
348994645
349242914
349159874
349486876
349040638
349159874
350520356
349915565
349753897
349753897
350216288
349753897
348874543
348911486
348911486
348349001
348225739
348349001
347761061
347884323
347884323
347808105
348243977
348370400
347808105
347884323
347808105
348117534
347808105
347884323
347850158
348312359
347771696
348312359
347806391
347720408
348112065
348362468
349157712
349154315
349406260
348271464
348722876
348271464
348023787
348802078
348466464
348466464
348466464
348423441
349065357
349004242
349049742
349058382
349058382
349010935
348847758
348854742
348271464
348365211
348117534
348023787
348271464
348833759
348495407
348618669
348789701
348666439
349128830
349109237
349128830
348960275
348495407
348912953
348690116
348495407
348247138
348795022
348871383
348871383
349306479
349306479
349272842
348871007
348435162
348683431
348435162
348909328
349032590
348909328
348435162
348683431
348853363
348853363
348554889
348833770
348475814
349033142
348848776
348397067
348429980
348463877
348406315
348320332
348497266
348852072
348572910
348914605
348615483
348439486
349073468
348913700
348821343
349016362
349179283
349970268
349016362
349003440
349016362
349016706
348590607
348838876
348771954
348289925
348742938
348759519
349039214
348803454
348970178
348970178
348490601
348490601
348323643
348400152
348365933
348117874
348400152
348365933
348855460
349431831
348550721
348474503
348641434
348208587
348208587
348629261
348462330
348041656
347879706
347955924
347921759
348046637
347921759
347955924
347879706
348127975
347879706
348331740
348361735
347879706
348300380
348300380
348191208
348358166
348046637
348508726
348689864
348523167
348041656
348418466
348041656
348208587
348117874
347955924
347921759
348279715
348745627
347921759
348233498
347921759
348279715
348299308
348046637
348299308
348610245
348438885
348191208
348651831
348342029
348578381
348270481
348782377
349031372
348952999
349072051
349486931
349165672
348929320
349244151
349386265
350009476
349595432
349595432
349493470
349569688
349569688
349900409
349868259
349878638
348865982
348900470
348900470
348412114
348399192
348412114
348117874
348117874
348041656
348117874
348041656
348117874
347955924
348408937
348775697
348322684
348799462
348322684
348279715
348299308
348046637
347879706
347879706
348497114
347879706
347955924
347879706
348300380
348342029
348418247
348342029
348795020
348651831
348651831
348651831
348342029
347879706
348034129
348270481
348382620
348270481
348270481
348270481
348441404
348034129
